tensor([[-8.2748e-02, -1.6891e-01,  9.8215e-01],
        [-9.4391e-02, -1.8826e-01,  9.7757e-01],
        [-9.7534e-02, -1.7865e-01,  9.7906e-01],
        [-9.7687e-02, -1.6708e-01,  9.8108e-01],
        [-9.7687e-02, -1.7401e-01,  9.7987e-01],
        [-1.0168e-01, -1.6214e-01,  9.8151e-01],
        [-1.0684e-01, -1.7502e-01,  9.7874e-01],
        [-9.2712e-02, -1.7351e-01,  9.8045e-01],
        [-9.9045e-02, -1.6705e-01,  9.8096e-01],
        [ 0.0000e+00,  0.0000e+00,  0.0000e+00],
        [ 0.0000e+00,  0.0000e+00,  0.0000e+00],
        [ 0.0000e+00,  0.0000e+00,  0.0000e+00],
        [ 0.0000e+00,  0.0000e+00,  0.0000e+00],
        [ 0.0000e+00,  0.0000e+00,  0.0000e+00],
        [ 0.0000e+00,  0.0000e+00,  0.0000e+00],
        [-8.8959e-02, -1.9148e-01,  9.7745e-01],
        [-8.7540e-02, -1.9087e-01,  9.7769e-01],
        [-8.0460e-02, -1.9044e-01,  9.7838e-01],
        [-7.1579e-02, -1.6252e-01,  9.8410e-01],
        [ 0.0000e+00,  0.0000e+00,  0.0000e+00],
        [ 0.0000e+00,  0.0000e+00,  0.0000e+00],
        [-2.0862e-01, -2.2037e-01,  9.5284e-01],
        [-1.8726e-01, -1.0573e-01,  9.7659e-01],
        [-1.9945e-01, -9.6115e-02,  9.7517e-01],
        [-2.2672e-01, -7.6385e-02,  9.7095e-01],
        [-2.3534e-01, -9.4467e-02,  9.6730e-01],
        [-2.3401e-01, -9.0485e-02,  9.6800e-01],
        [-2.1841e-01, -9.7809e-02,  9.7093e-01],
        [-2.2444e-01, -7.4554e-02,  9.7162e-01],
        [-2.1915e-01, -7.7118e-02,  9.7263e-01],
        [-2.1278e-01, -8.3588e-02,  9.7351e-01],
        [-2.1321e-01, -7.2388e-02,  9.7430e-01],
        [-1.9966e-01, -1.0498e-01,  9.7421e-01],
        [-1.9604e-01, -8.0826e-02,  9.7725e-01],
        [-1.9122e-01, -9.0714e-02,  9.7734e-01],
        [-1.9194e-01, -8.2932e-02,  9.7789e-01],
        [-1.9336e-01, -8.0627e-02,  9.7780e-01],
        [-1.7517e-01, -1.0345e-01,  9.7908e-01],
        [-1.6600e-01, -1.0103e-01,  9.8093e-01],
        [-1.5775e-01, -8.4503e-02,  9.8386e-01],
        [-1.5955e-01, -9.2285e-02,  9.8286e-01],
        [-1.4320e-01, -1.1760e-01,  9.8267e-01],
        [-1.3435e-01, -9.7107e-02,  9.8616e-01],
        [-1.1942e-01, -9.2880e-02,  9.8848e-01],
        [-1.1412e-01, -1.0321e-01,  9.8808e-01],
        [-1.1813e-01, -8.4106e-02,  9.8943e-01],
        [-1.1182e-01, -1.1511e-01,  9.8703e-01],
        [-8.7708e-02, -1.4253e-01,  9.8589e-01],
        [-9.1080e-02, -1.2599e-01,  9.8784e-01],
        [ 0.0000e+00,  0.0000e+00,  0.0000e+00],
        [ 0.0000e+00,  0.0000e+00,  0.0000e+00],
        [ 0.0000e+00,  0.0000e+00,  0.0000e+00],
        [-2.0837e-01, -1.3786e-01,  9.6828e-01],
        [-2.4028e-01, -9.3445e-02,  9.6619e-01],
        [-2.1790e-01, -1.2361e-01,  9.6809e-01],
        [-1.9379e-01, -1.3667e-01,  9.7147e-01],
        [-1.8848e-01, -1.7799e-01,  9.6581e-01],
        [-1.7755e-01, -1.4728e-01,  9.7302e-01],
        [-1.7752e-01, -1.6507e-01,  9.7017e-01],
        [-1.7084e-01, -1.4784e-01,  9.7414e-01],
        [-1.7711e-01, -1.3335e-01,  9.7511e-01],
        [-1.5933e-01, -1.6425e-01,  9.7345e-01],
        [-1.4728e-01, -1.4680e-01,  9.7813e-01],
        [-1.1263e-01, -1.3905e-01,  9.8386e-01],
        [-1.1348e-01, -1.3942e-01,  9.8370e-01],
        [-1.1536e-01, -1.2555e-01,  9.8535e-01],
        [-9.6558e-02, -1.5239e-01,  9.8358e-01],
        [-1.0144e-01, -1.5120e-01,  9.8328e-01],
        [-8.9722e-02, -1.4438e-01,  9.8544e-01],
        [-7.8094e-02, -1.7775e-01,  9.8096e-01],
        [-7.4554e-02, -1.8289e-01,  9.8029e-01],
        [-7.2647e-02, -1.3536e-01,  9.8811e-01],
        [-5.9647e-02, -1.2193e-01,  9.9074e-01],
        [-5.7495e-02, -2.0775e-01,  9.7649e-01],
        [-6.2881e-02, -1.6463e-01,  9.8434e-01],
        [-8.7830e-02, -1.6986e-01,  9.8154e-01],
        [-1.6293e-01, -1.2466e-01,  9.7871e-01],
        [-1.8449e-01, -8.7646e-02,  9.7891e-01],
        [-2.1834e-01, -8.3038e-02,  9.7232e-01],
        [-2.1718e-01, -1.5869e-01,  9.6313e-01],
        [-2.0825e-01, -6.1203e-02,  9.7615e-01],
        [-2.0386e-01, -9.6878e-02,  9.7418e-01],
        [ 0.0000e+00,  0.0000e+00,  0.0000e+00],
        [-2.0241e-01, -8.7723e-02,  9.7536e-01],
        [-1.8924e-01, -1.7699e-01,  9.6584e-01],
        [-1.7021e-01, -1.2006e-01,  9.7806e-01],
        [-1.6626e-01, -1.2648e-01,  9.7792e-01],
        [-1.8086e-01, -1.0771e-01,  9.7758e-01],
        [-1.7607e-01, -1.2189e-01,  9.7679e-01],
        [-1.6466e-01, -1.0721e-01,  9.8050e-01],
        [-1.4946e-01, -8.2565e-02,  9.8531e-01],
        [-1.4420e-01, -6.8314e-02,  9.8718e-01],
        [-1.4058e-01, -7.3746e-02,  9.8730e-01],
        [-1.4592e-01, -8.2901e-02,  9.8581e-01],
        [-1.4127e-01, -7.1106e-02,  9.8741e-01],
        [-1.3109e-01, -9.9335e-02,  9.8637e-01],
        [-1.3741e-01, -8.6533e-02,  9.8672e-01],
        [-1.3370e-01, -8.0231e-02,  9.8776e-01],
        [ 0.0000e+00,  0.0000e+00,  0.0000e+00],
        [ 0.0000e+00,  0.0000e+00,  0.0000e+00],
        [ 0.0000e+00,  0.0000e+00,  0.0000e+00],
        [ 0.0000e+00,  0.0000e+00,  0.0000e+00],
        [ 0.0000e+00,  0.0000e+00,  0.0000e+00],
        [ 0.0000e+00,  0.0000e+00,  0.0000e+00],
        [ 0.0000e+00,  0.0000e+00,  0.0000e+00],
        [ 0.0000e+00,  0.0000e+00,  0.0000e+00],
        [ 0.0000e+00,  0.0000e+00,  0.0000e+00],
        [-1.1009e-01, -8.8211e-02,  9.8999e-01],
        [-1.1563e-01, -1.1235e-01,  9.8691e-01],
        [-9.7488e-02, -1.1946e-01,  9.8804e-01],
        [-9.3536e-02, -1.1713e-01,  9.8869e-01],
        [-1.0071e-01, -1.1725e-01,  9.8798e-01],
        [-9.7137e-02, -9.3018e-02,  9.9091e-01],
        [-7.8781e-02, -1.1591e-01,  9.9013e-01],
        [-8.5861e-02, -1.0736e-01,  9.9049e-01],
        [-8.7967e-02, -1.2041e-01,  9.8882e-01],
        [-7.9605e-02, -1.1389e-01,  9.9030e-01],
        [-7.3181e-02, -1.1238e-01,  9.9095e-01],
        [-6.5155e-02, -1.3339e-01,  9.8891e-01],
        [-3.3051e-02, -5.1941e-02,  9.9809e-01],
        [-1.5015e-02, -5.0385e-02,  9.9861e-01],
        [-1.1719e-02, -6.6498e-02,  9.9771e-01],
        [ 6.2561e-03, -7.8049e-02,  9.9692e-01],
        [ 4.0131e-03, -6.4819e-02,  9.9788e-01],
        [ 4.8981e-03, -8.4412e-02,  9.9641e-01],
        [-6.6986e-03, -6.4529e-02,  9.9788e-01],
        [ 1.1063e-02, -8.1757e-02,  9.9658e-01],
        [ 3.2318e-02, -9.1995e-02,  9.9522e-01],
        [ 3.8132e-02, -8.0460e-02,  9.9602e-01],
        [ 5.9967e-03, -5.4077e-02,  9.9850e-01],
        [-9.0332e-03, -5.8884e-02,  9.9821e-01],
        [ 2.9907e-02, -8.2291e-02,  9.9615e-01],
        [ 4.9377e-02, -5.2460e-02,  9.9739e-01],
        [ 5.9464e-02, -7.7667e-02,  9.9519e-01],
        [ 5.6564e-02, -8.5480e-02,  9.9472e-01],
        [ 6.5643e-02, -7.4646e-02,  9.9504e-01],
        [ 0.0000e+00,  0.0000e+00,  0.0000e+00],
        [ 0.0000e+00,  0.0000e+00,  0.0000e+00],
        [ 1.2598e-01, -1.0309e-01,  9.8665e-01],
        [ 1.3020e-01, -8.7112e-02,  9.8764e-01],
        [ 1.3681e-01, -9.5367e-02,  9.8599e-01],
        [ 1.3115e-01, -1.1900e-01,  9.8419e-01],
        [ 1.4005e-01, -1.0870e-01,  9.8415e-01],
        [ 1.5759e-01, -9.3552e-02,  9.8305e-01],
        [ 1.5965e-01, -9.8206e-02,  9.8227e-01],
        [ 1.6534e-01, -1.0083e-01,  9.8106e-01],
        [ 1.7532e-01, -8.6594e-02,  9.8068e-01],
        [ 1.8126e-01, -1.2231e-01,  9.7578e-01],
        [ 1.2611e-01, -1.0178e-01,  9.8677e-01],
        [ 2.6428e-02, -6.7368e-02,  9.9738e-01],
        [-5.6747e-02, -1.3487e-01,  9.8923e-01],
        [ 0.0000e+00,  0.0000e+00,  0.0000e+00],
        [-1.1945e-01, -8.1772e-02,  9.8946e-01],
        [-1.3550e-01, -1.0374e-01,  9.8532e-01],
        [-1.4735e-01, -9.8938e-02,  9.8412e-01],
        [-1.5024e-01, -6.5231e-02,  9.8648e-01],
        [-1.5401e-01, -1.3187e-01,  9.7922e-01],
        [-1.4508e-01, -1.1374e-01,  9.8285e-01],
        [-1.3918e-01, -1.1134e-01,  9.8398e-01],
        [-1.2912e-01, -1.0886e-01,  9.8563e-01],
        [-1.2819e-01, -1.1826e-01,  9.8466e-01],
        [-1.1836e-01, -1.3570e-01,  9.8364e-01],
        [-1.2077e-01, -9.2697e-02,  9.8833e-01],
        [-1.3129e-01, -9.5596e-02,  9.8671e-01],
        [-1.2798e-01, -8.1863e-02,  9.8839e-01],
        [-1.1548e-01, -1.2537e-01,  9.8535e-01],
        [-1.0541e-01, -1.3593e-01,  9.8509e-01],
        [-9.8755e-02, -1.3773e-01,  9.8552e-01],
        [-9.7473e-02, -1.4343e-01,  9.8483e-01],
        [-1.0074e-01, -1.4783e-01,  9.8386e-01],
        [-9.8145e-02, -1.2930e-01,  9.8672e-01],
        [-9.3796e-02, -1.0956e-01,  9.8953e-01],
        [-9.5306e-02, -1.4600e-01,  9.8468e-01],
        [-8.3572e-02, -1.3138e-01,  9.8779e-01],
        [-8.2397e-02, -1.3937e-01,  9.8680e-01],
        [-8.1223e-02, -1.4734e-01,  9.8573e-01],
        [-7.7057e-02, -1.5773e-01,  9.8447e-01],
        [-7.3318e-02, -1.4890e-01,  9.8611e-01],
        [-7.1686e-02, -1.5471e-01,  9.8535e-01],
        [-7.0084e-02, -1.5707e-01,  9.8509e-01],
        [-7.4493e-02, -1.5958e-01,  9.8436e-01],
        [-7.2189e-02, -1.6211e-01,  9.8412e-01],
        [-7.1716e-02, -1.6460e-01,  9.8375e-01],
        [-7.1426e-02, -1.6701e-01,  9.8335e-01],
        [ 0.0000e+00,  0.0000e+00,  0.0000e+00],
        [-7.1289e-02, -1.6808e-01,  9.8318e-01],
        [-6.2805e-02, -1.6249e-01,  9.8470e-01],
        [-6.8848e-02, -1.9986e-01,  9.7739e-01],
        [-6.2973e-02, -1.8930e-01,  9.7989e-01],
        [-6.4178e-02, -1.8509e-01,  9.8062e-01],
        [-5.7068e-02, -1.9682e-01,  9.7878e-01],
        [-6.1249e-02, -2.0941e-01,  9.7589e-01],
        [-6.0257e-02, -2.0006e-01,  9.7792e-01],
        [-5.1926e-02, -1.8634e-01,  9.8111e-01],
        [-3.4668e-02, -2.1167e-01,  9.7672e-01],
        [-4.3381e-02, -1.9872e-01,  9.7908e-01],
        [-4.8340e-02, -2.1373e-01,  9.7569e-01],
        [-2.7390e-02, -1.9672e-01,  9.8007e-01],
        [-2.5024e-02, -1.8605e-01,  9.8221e-01],
        [ 0.0000e+00,  0.0000e+00,  0.0000e+00],
        [ 0.0000e+00,  0.0000e+00,  0.0000e+00],
        [-1.3443e-02, -2.2902e-01,  9.7333e-01],
        [-9.1553e-04, -2.0085e-01,  9.7961e-01],
        [ 1.6541e-02, -2.0016e-01,  9.7961e-01],
        [ 1.2085e-02, -1.9820e-01,  9.8007e-01],
        [ 0.0000e+00,  0.0000e+00,  0.0000e+00],
        [ 0.0000e+00,  0.0000e+00,  0.0000e+00],
        [ 1.6067e-02, -2.4825e-01,  9.6855e-01],
        [ 0.0000e+00,  0.0000e+00,  0.0000e+00],
        [ 0.0000e+00,  0.0000e+00,  0.0000e+00],
        [ 0.0000e+00,  0.0000e+00,  0.0000e+00],
        [ 0.0000e+00,  0.0000e+00,  0.0000e+00],
        [ 0.0000e+00,  0.0000e+00,  0.0000e+00],
        [ 0.0000e+00,  0.0000e+00,  0.0000e+00],
        [ 0.0000e+00,  0.0000e+00,  0.0000e+00],
        [ 0.0000e+00,  0.0000e+00,  0.0000e+00],
        [ 1.5736e-01,  7.3929e-02,  9.8476e-01],
        [ 0.0000e+00,  0.0000e+00,  0.0000e+00],
        [ 0.0000e+00,  0.0000e+00,  0.0000e+00],
        [ 0.0000e+00,  0.0000e+00,  0.0000e+00],
        [ 0.0000e+00,  0.0000e+00,  0.0000e+00],
        [ 1.7517e-01,  7.4677e-02,  9.8169e-01],
        [ 1.7630e-01,  6.5796e-02,  9.8213e-01],
        [ 1.7381e-01,  6.3644e-02,  9.8271e-01],
        [ 1.7534e-01,  5.9845e-02,  9.8268e-01],
        [ 1.8152e-01,  1.0246e-01,  9.7803e-01],
        [ 1.9353e-01,  8.0154e-02,  9.7781e-01],
        [ 1.9177e-01,  8.7646e-02,  9.7751e-01],
        [ 2.1727e-01,  6.6635e-02,  9.7383e-01],
        [ 2.2169e-01,  6.7490e-02,  9.7276e-01],
        [ 0.0000e+00,  0.0000e+00,  0.0000e+00],
        [ 0.0000e+00,  0.0000e+00,  0.0000e+00],
        [ 0.0000e+00,  0.0000e+00,  0.0000e+00],
        [ 0.0000e+00,  0.0000e+00,  0.0000e+00],
        [ 0.0000e+00,  0.0000e+00,  0.0000e+00],
        [ 0.0000e+00,  0.0000e+00,  0.0000e+00],
        [ 0.0000e+00,  0.0000e+00,  0.0000e+00],
        [ 1.6008e-01,  6.7749e-02,  9.8477e-01],
        [ 1.5060e-01,  5.6259e-02,  9.8698e-01],
        [ 1.2971e-01,  9.9655e-02,  9.8653e-01]], device='cuda:0')\r\n gaze_seqs.shape: torch.Size([240, 3])