tensor([[ 0.0000,  0.0000,  0.0000],
        [ 0.0000,  0.0000,  0.0000],
        [ 0.0000,  0.0000,  0.0000],
        [-0.9953,  0.0962,  0.0125],
        [-0.9952,  0.0969,  0.0108],
        [-0.9951,  0.0981,  0.0096],
        [-0.9950,  0.0998,  0.0087],
        [-0.9947,  0.1020,  0.0082],
        [-0.9944,  0.1051,  0.0087],
        [-0.9941,  0.1082,  0.0096],
        [-0.9937,  0.1112,  0.0108],
        [-0.9934,  0.1144,  0.0129],
        [-0.9931,  0.1167,  0.0148],
        [-0.9928,  0.1188,  0.0174],
        [-0.9925,  0.1207,  0.0204],
        [-0.9922,  0.1221,  0.0232],
        [-0.9920,  0.1232,  0.0266],
        [-0.9918,  0.1243,  0.0303],
        [ 0.0000,  0.0000,  0.0000],
        [-0.9912,  0.1269,  0.0383],
        [-0.9908,  0.1285,  0.0427],
        [ 0.0000,  0.0000,  0.0000],
        [ 0.0000,  0.0000,  0.0000],
        [ 0.0000,  0.0000,  0.0000],
        [ 0.0000,  0.0000,  0.0000],
        [ 0.0000,  0.0000,  0.0000],
        [-0.9886,  0.1326,  0.0715],
        [-0.9882,  0.1331,  0.0765],
        [-0.9877,  0.1337,  0.0813],
        [-0.9872,  0.1342,  0.0863],
        [-0.9867,  0.1345,  0.0915],
        [-0.9861,  0.1347,  0.0968],
        [-0.9856,  0.1347,  0.1023],
        [-0.9850,  0.1348,  0.1077],
        [-0.9844,  0.1350,  0.1131],
        [-0.9837,  0.1354,  0.1185],
        [-0.9829,  0.1359,  0.1240],
        [-0.9821,  0.1367,  0.1298],
        [-0.9811,  0.1380,  0.1360],
        [-0.9799,  0.1397,  0.1426],
        [ 0.0000,  0.0000,  0.0000],
        [-0.9772,  0.1433,  0.1568],
        [ 0.0000,  0.0000,  0.0000],
        [ 0.0000,  0.0000,  0.0000],
        [ 0.0000,  0.0000,  0.0000],
        [-0.9672,  0.1560,  0.2006],
        [ 0.0000,  0.0000,  0.0000],
        [ 0.0000,  0.0000,  0.0000],
        [-0.9569,  0.1601,  0.2422],
        [ 0.0000,  0.0000,  0.0000],
        [-0.9489,  0.1624,  0.2705],
        [-0.9446,  0.1642,  0.2841],
        [-0.9401,  0.1670,  0.2971],
        [-0.9352,  0.1703,  0.3105],
        [-0.9300,  0.1741,  0.3239],
        [-0.9247,  0.1782,  0.3365],
        [-0.9190,  0.1823,  0.3496],
        [-0.9132,  0.1865,  0.3624],
        [-0.9073,  0.1910,  0.3746],
        [-0.9014,  0.1955,  0.3863],
        [-0.8957,  0.2001,  0.3970],
        [-0.8899,  0.2048,  0.4076],
        [-0.8839,  0.2097,  0.4180],
        [-0.8782,  0.2145,  0.4275],
        [-0.8725,  0.2193,  0.4366],
        [ 0.0000,  0.0000,  0.0000],
        [ 0.0000,  0.0000,  0.0000],
        [ 0.0000,  0.0000,  0.0000],
        [ 0.0000,  0.0000,  0.0000],
        [ 0.0000,  0.0000,  0.0000],
        [-0.8397,  0.2485,  0.4828],
        [-0.8345,  0.2534,  0.4893],
        [-0.8291,  0.2586,  0.4958],
        [ 0.0000,  0.0000,  0.0000],
        [-0.8177,  0.2695,  0.5086],
        [-0.8116,  0.2752,  0.5153],
        [-0.8058,  0.2809,  0.5214],
        [-0.7999,  0.2864,  0.5274],
        [-0.7940,  0.2916,  0.5334],
        [-0.7880,  0.2963,  0.5396],
        [-0.7830,  0.3011,  0.5443],
        [-0.7779,  0.3058,  0.5490],
        [-0.7728,  0.3105,  0.5535],
        [-0.7679,  0.3151,  0.5577],
        [-0.7645,  0.3182,  0.5606],
        [ 0.0000,  0.0000,  0.0000],
        [ 0.0000,  0.0000,  0.0000],
        [ 0.0000,  0.0000,  0.0000],
        [ 0.0000,  0.0000,  0.0000],
        [ 0.0000,  0.0000,  0.0000],
        [ 0.0000,  0.0000,  0.0000],
        [ 0.0000,  0.0000,  0.0000],
        [ 0.0000,  0.0000,  0.0000],
        [-0.7208,  0.3553,  0.5951],
        [-0.7166,  0.3579,  0.5986],
        [ 0.0000,  0.0000,  0.0000],
        [-0.7089,  0.3617,  0.6056],
        [-0.7049,  0.3634,  0.6091],
        [-0.7008,  0.3651,  0.6128],
        [-0.6970,  0.3668,  0.6162],
        [-0.6930,  0.3686,  0.6196],
        [-0.6891,  0.3703,  0.6229],
        [-0.6851,  0.3720,  0.6263],
        [-0.6809,  0.3739,  0.6297],
        [-0.6770,  0.3755,  0.6330],
        [-0.6731,  0.3767,  0.6364],
        [-0.6693,  0.3778,  0.6397],
        [-0.6657,  0.3791,  0.6428],
        [-0.6621,  0.3802,  0.6458],
        [-0.6585,  0.3815,  0.6488],
        [-0.6548,  0.3828,  0.6517],
        [-0.6513,  0.3843,  0.6543],
        [-0.6477,  0.3858,  0.6571],
        [-0.6439,  0.3871,  0.6600],
        [-0.6399,  0.3883,  0.6631],
        [-0.6359,  0.3895,  0.6663],
        [-0.6320,  0.3909,  0.6691],
        [-0.6282,  0.3920,  0.6720],
        [-0.6244,  0.3930,  0.6750],
        [-0.6205,  0.3940,  0.6780],
        [-0.6165,  0.3950,  0.6811],
        [-0.6125,  0.3961,  0.6841],
        [-0.6083,  0.3972,  0.6872],
        [-0.6040,  0.3982,  0.6904],
        [-0.5994,  0.3990,  0.6940],
        [-0.5946,  0.3999,  0.6976],
        [-0.5897,  0.4007,  0.7012],
        [ 0.0000,  0.0000,  0.0000],
        [ 0.0000,  0.0000,  0.0000],
        [ 0.0000,  0.0000,  0.0000],
        [ 0.0000,  0.0000,  0.0000],
        [ 0.0000,  0.0000,  0.0000],
        [ 0.0000,  0.0000,  0.0000],
        [ 0.0000,  0.0000,  0.0000],
        [-0.5407,  0.3986,  0.7408],
        [-0.5334,  0.3983,  0.7462],
        [-0.5259,  0.3983,  0.7516],
        [-0.5182,  0.3985,  0.7567],
        [-0.5107,  0.3989,  0.7616],
        [-0.5037,  0.3992,  0.7661],
        [-0.4965,  0.3997,  0.7705],
        [-0.4896,  0.4004,  0.7746],
        [-0.4827,  0.4012,  0.7785],
        [-0.4757,  0.4021,  0.7823],
        [-0.4688,  0.4029,  0.7861],
        [-0.4619,  0.4037,  0.7897],
        [-0.4550,  0.4045,  0.7933],
        [-0.4480,  0.4051,  0.7969],
        [-0.4414,  0.4058,  0.8003],
        [-0.4349,  0.4065,  0.8035],
        [-0.4285,  0.4071,  0.8066],
        [-0.4225,  0.4078,  0.8094],
        [-0.4168,  0.4083,  0.8122],
        [-0.4110,  0.4088,  0.8148],
        [-0.4053,  0.4092,  0.8175],
        [-0.3987,  0.4097,  0.8205],
        [-0.3923,  0.4103,  0.8232],
        [-0.3862,  0.4109,  0.8258],
        [-0.3801,  0.4116,  0.8283],
        [-0.3725,  0.4125,  0.8313],
        [-0.3658,  0.4132,  0.8339],
        [-0.3601,  0.4137,  0.8361],
        [-0.3547,  0.4142,  0.8382],
        [-0.3470,  0.4150,  0.8411],
        [-0.3413,  0.4154,  0.8432],
        [-0.3360,  0.4158,  0.8451],
        [-0.3308,  0.4161,  0.8470],
        [-0.3243,  0.4168,  0.8492],
        [-0.3191,  0.4172,  0.8509],
        [-0.3144,  0.4178,  0.8524],
        [-0.3100,  0.4184,  0.8537],
        [-0.3043,  0.4193,  0.8553],
        [-0.2997,  0.4200,  0.8566],
        [-0.2958,  0.4206,  0.8577],
        [-0.2924,  0.4211,  0.8586],
        [-0.2865,  0.4219,  0.8602],
        [-0.2828,  0.4224,  0.8612],
        [-0.2789,  0.4228,  0.8622],
        [-0.2734,  0.4232,  0.8638],
        [-0.2680,  0.4235,  0.8653],
        [-0.2642,  0.4238,  0.8664],
        [-0.2605,  0.4239,  0.8674],
        [-0.2566,  0.4240,  0.8686],
        [-0.2519,  0.4240,  0.8699],
        [-0.2479,  0.4240,  0.8711],
        [-0.2438,  0.4238,  0.8723],
        [-0.2394,  0.4235,  0.8737],
        [-0.2346,  0.4231,  0.8752],
        [-0.2303,  0.4230,  0.8764],
        [-0.2270,  0.4229,  0.8773],
        [-0.2233,  0.4226,  0.8784],
        [-0.2176,  0.4218,  0.8802],
        [-0.2135,  0.4211,  0.8815],
        [-0.2095,  0.4203,  0.8829],
        [-0.2050,  0.4193,  0.8844],
        [-0.1992,  0.4181,  0.8863],
        [-0.1944,  0.4170,  0.8879],
        [-0.1900,  0.4162,  0.8892],
        [-0.1855,  0.4155,  0.8905],
        [-0.1808,  0.4150,  0.8917],
        [-0.1762,  0.4145,  0.8928],
        [-0.1722,  0.4139,  0.8939],
        [-0.1678,  0.4131,  0.8951],
        [-0.1618,  0.4118,  0.8968],
        [-0.1566,  0.4103,  0.8984],
        [-0.1513,  0.4086,  0.9001],
        [-0.1460,  0.4070,  0.9017],
        [-0.1410,  0.4056,  0.9031],
        [-0.1363,  0.4045,  0.9043],
        [-0.1322,  0.4037,  0.9053],
        [-0.1280,  0.4030,  0.9062],
        [-0.1235,  0.4022,  0.9072],
        [-0.0938,  0.3956,  0.9136],
        [-0.0894,  0.3947,  0.9145],
        [-0.0859,  0.3939,  0.9151],
        [-0.0837,  0.3933,  0.9156],
        [-0.0819,  0.3927,  0.9160],
        [-0.0788,  0.3916,  0.9167],
        [-0.0749,  0.3899,  0.9178],
        [ 0.0000,  0.0000,  0.0000],
        [ 0.0000,  0.0000,  0.0000],
        [-0.0640,  0.3838,  0.9212],
        [-0.0614,  0.3822,  0.9220],
        [ 0.0000,  0.0000,  0.0000],
        [ 0.0000,  0.0000,  0.0000],
        [-0.0536,  0.3774,  0.9245],
        [-0.0513,  0.3759,  0.9252],
        [-0.0492,  0.3742,  0.9260],
        [-0.0472,  0.3724,  0.9269],
        [-0.0453,  0.3705,  0.9277],
        [-0.0436,  0.3685,  0.9286],
        [-0.0417,  0.3664,  0.9295],
        [-0.0402,  0.3643,  0.9304],
        [ 0.0000,  0.0000,  0.0000],
        [ 0.0000,  0.0000,  0.0000],
        [ 0.0000,  0.0000,  0.0000],
        [ 0.0000,  0.0000,  0.0000],
        [ 0.0000,  0.0000,  0.0000],
        [ 0.0000,  0.0000,  0.0000],
        [-0.0315,  0.3492,  0.9365]], device='cuda:0')\r\n head_seqs.shape: torch.Size([240, 3])